Titel1
2
2
2
2
2
2

Title2
222222222222222222
222222222222222222
222222222222222222222222222222222222
222222222222222222222222222222222222222222222222222222
222222222222222222222222222222222222222222222222222222222222222222222222
222222222222222222222222222222222222222222222222222222222222222222222222222222222222222222


Title3
333333333333333333333333
333333333333333333333333
3333333333333333333333333333333333333333333333
333333333333333333333333333333333333333333333333333333333333333333333333
333333333333333333333333333333333333333333333333333333333333333333333333333333333333333333333333
