Titel1
11111111111111111111
11111111111111111111
1111111111111111111111111111111111111111
1111111111111111111111111111111111111111
111111111111111111111111111111111111111111111111111111111111
11111111111111111111111111111111111111111111111111111111111111111111111111111111

Title2
222222222222222222
222222222222222222
222222222222222222222222222222222222
222222222222222222222222222222222222222222222222222222
222222222222222222222222222222222222222222222222222222222222222222222222
222222222222222222222222222222222222222222222222222222222222222222222222222222222222222222


Title3
333333333333333333333333
333333333333333333333333
3333333333333333333333333333333333333333333333
333333333333333333333333333333333333333333333333333333333333333333333333
333333333333333333333333333333333333333333333333333333333333333333333333333333333333333333333333
